-180	0.0000	0.0100	0.0000
-170	0.3788	0.0260	0.4000
-160	0.7575	0.1498	0.4316
-150	0.6842	0.3394	0.3599
-140	0.6433	0.5721	0.3574
-130	0.5798	0.8201	0.3754
-120	0.4783	1.0535	0.3969
-110	0.3397	1.2446	0.4123
-100	0.1747	1.3704	0.4152
-90	0.0000	1.4160	0.4018
-80	-0.1747	1.3704	0.3704
-70	-0.3397	1.2446	0.3261
-60	-0.4783	1.0535	0.2745
-50	-0.5798	0.8201	0.2207
-40	-0.6433	0.5721	0.1685
-30	-0.6842	0.3394	0.1168
-20	-0.7575	0.1498	0.0457
-18	-0.6731	0.1285	-0.0320
-17.75	-0.6936	0.1214	-0.0373
-17.5	-0.7141	0.1148	-0.0424
-17.25	-0.7320	0.1091	-0.0468
-17	-0.7471	0.1040	-0.0507
-16.75	-0.7608	0.0992	-0.0542
-16.5	-0.7726	0.0949	-0.0574
-16.25	-0.7821	0.0910	-0.0603
-16	-0.7907	0.0873	-0.0631
-15.75	-0.8071	0.0816	-0.0651
-15.5	-0.8320	0.0731	-0.0694
-15.25	-0.9106	0.0609	-0.0755
-15	-0.9166	0.0579	-0.0758
-14.75	-0.9201	0.0551	-0.0757
-14.5	-0.9223	0.0524	-0.0754
-14.25	-0.9228	0.0499	-0.0749
-14	-0.9213	0.0475	-0.0742
-13.75	-0.9188	0.0454	-0.0732
-13.5	-0.9068	0.0438	-0.0724
-13.25	-0.9047	0.0426	-0.0702
-13	-0.8816	0.0411	-0.0712
-12.75	-0.8590	0.0395	-0.0723
-12.5	-0.8373	0.0379	-0.0735
-12.25	-0.8099	0.0367	-0.0742
-12	-0.7873	0.0354	-0.0752
-11.75	-0.7631	0.0342	-0.0761
-11.5	-0.7293	0.0329	-0.0776
-11.25	-0.7029	0.0318	-0.0786
-11	-0.6803	0.0308	-0.0789
-10.75	-0.6631	0.0299	-0.0784
-10.5	-0.6559	0.0292	-0.0766
-10.25	-0.6417	0.0283	-0.0755
-10	-0.6211	0.0272	-0.0760
-9.75	-0.6004	0.0261	-0.0766
-9.5	-0.5814	0.0249	-0.0769
-9.25	-0.5643	0.0237	-0.0773
-9	-0.5542	0.0224	-0.0767
-8.75	-0.5491	0.0212	-0.0750
-8.5	-0.5513	0.0201	-0.0719
-8.25	-0.5571	0.0191	-0.0680
-8	-0.5607	0.0182	-0.0643
-7.75	-0.5601	0.0173	-0.0608
-7.5	-0.5507	0.0167	-0.0584
-7.25	-0.5387	0.0162	-0.0564
-7	-0.5257	0.0157	-0.0545
-6.75	-0.5079	0.0154	-0.0530
-6.5	-0.4845	0.0155	-0.0522
-6.25	-0.4574	0.0159	-0.0516
-6	-0.4312	0.0160	-0.0511
-5.75	-0.4040	0.0164	-0.0506
-5.5	-0.3783	0.0165	-0.0502
-5.25	-0.3498	0.0168	-0.0498
-5	-0.3217	0.0172	-0.0494
-4.75	-0.2956	0.0173	-0.0489
-4.5	-0.2663	0.0178	-0.0483
-4.25	-0.2391	0.0180	-0.0481
-4	-0.2110	0.0183	-0.0476
-3.75	-0.1836	0.0186	-0.0471
-3.5	-0.1561	0.0188	-0.0468
-3.25	-0.1296	0.0186	-0.0472
-3	-0.1022	0.0183	-0.0475
-2.75	-0.0750	0.0183	-0.0474
-2.5	-0.0482	0.0183	-0.0474
-2.25	-0.0207	0.0182	-0.0476
-2	0.0074	0.0180	-0.0479
-1.75	0.0355	0.0180	-0.0482
-1.5	0.0631	0.0179	-0.0486
-1.25	0.0899	0.0178	-0.0488
-1	0.1175	0.0177	-0.0490
-0.75	0.1450	0.0177	-0.0493
-0.5	0.1730	0.0177	-0.0495
-0.25	0.2017	0.0177	-0.0499
0	0.2306	0.0177	-0.0504
0.25	0.2575	0.0177	-0.0507
0.5	0.2844	0.0178	-0.0513
0.75	0.3111	0.0178	-0.0513
1	0.3387	0.0179	-0.0514
1.25	0.3671	0.0180	-0.0517
1.5	0.3963	0.0181	-0.0522
1.75	0.4242	0.0182	-0.0526
2	0.4494	0.0184	-0.0526
2.25	0.4752	0.0186	-0.0527
2.5	0.5018	0.0187	-0.0528
2.75	0.5294	0.0188	-0.0528
3	0.5556	0.0190	-0.0528
3.25	0.5835	0.0192	-0.0532
3.5	0.6132	0.0193	-0.0538
3.75	0.6377	0.0196	-0.0535
4	0.6604	0.0199	-0.0529
4.25	0.6830	0.0203	-0.0525
4.5	0.7091	0.0204	-0.0524
4.75	0.7403	0.0203	-0.0529
5	0.7675	0.0202	-0.0528
5.25	0.7982	0.0201	-0.0529
5.5	0.8119	0.0206	-0.0511
5.75	0.8373	0.0206	-0.0508
6	0.8658	0.0204	-0.0506
6.25	0.9001	0.0199	-0.0511
6.5	0.9206	0.0200	-0.0500
6.75	0.9417	0.0200	-0.0489
7	0.9729	0.0194	-0.0488
7.25	1.0010	0.0191	-0.0486
7.5	1.0163	0.0191	-0.0464
7.75	1.0420	0.0189	-0.0457
8	1.0640	0.0188	-0.0446
8.25	1.0721	0.0189	-0.0412
8.5	1.0884	0.0188	-0.0389
8.75	1.0824	0.0192	-0.0337
9	1.0945	0.0197	-0.0320
9.25	1.0928	0.0209	-0.0294
9.5	1.1020	0.0218	-0.0281
9.75	1.0942	0.0231	-0.0243
10	1.0984	0.0241	-0.0222
10.25	1.0957	0.0254	-0.0193
10.5	1.0922	0.0268	-0.0164
10.75	1.0917	0.0281	-0.0139
11	1.0920	0.0294	-0.0118
11.25	1.0973	0.0310	-0.0112
11.5	1.0989	0.0329	-0.0102
11.75	1.0994	0.0350	-0.0092
12	1.0980	0.0373	-0.0080
12.25	1.0983	0.0395	-0.0071
12.5	1.0986	0.0418	-0.0064
12.75	1.1018	0.0441	-0.0056
13	1.1041	0.0465	-0.0051
13.25	1.1073	0.0488	-0.0047
13.75	1.1223	0.0530	-0.0040
14	1.1281	0.0554	-0.0039
14.25	1.1354	0.0576	-0.0037
14.5	1.1433	0.0599	-0.0037
14.75	1.1523	0.0620	-0.0036
15	1.1683	0.0641	-0.0036
15.25	1.1707	0.0667	-0.0037
15.5	1.1724	0.0695	-0.0038
15.75	1.1744	0.0724	-0.0041
16	1.1766	0.0752	-0.0044
16.25	1.1780	0.0782	-0.0048
16.5	1.1787	0.0813	-0.0054
16.75	1.1775	0.0847	-0.0062
17	1.1748	0.0884	-0.0072
17.25	1.1712	0.0923	-0.0084
17.5	1.1633	0.0970	-0.0102
17.75	1.1535	0.1022	-0.0125
18	1.1403	0.1083	-0.0155
18.25	1.1219	0.1159	-0.0197
18.5	1.1013	0.1248	-0.0251
18.75	1.0965	0.1312	-0.0287
19	1.0963	0.1347	-0.0308
19.25	1.0976	0.1380	-0.0328
20	1.0822	0.1498	-0.0446
30	0.9775	0.3394	-0.1398
40	0.9190	0.5721	-0.1981
50	0.8282	0.8201	-0.2483
60	0.6833	1.0535	-0.2946
70	0.4853	1.2446	-0.3369
80	0.2496	1.3704	-0.3734
90	0.0000	1.4160	-0.4018
100	-0.1747	1.3704	-0.4152
110	-0.3397	1.2446	-0.4123
120	-0.4783	1.0535	-0.3969
130	-0.5798	0.8201	-0.3754
140	-0.6433	0.5721	-0.3574
150	-0.6842	0.3394	-0.3599
160	-0.7575	0.1498	-0.4316
170	-0.3788	0.0260	-0.5000
180	0.0000	0.0100	0.0000
