-180	0.0000	0.0310	0.0000
-170	0.4636	0.0732	0.4000
-160	0.9273	0.1948	0.5406
-150	0.7829	0.3808	0.4284
-140	0.7033	0.6088	0.4089
-130	0.6152	0.8509	0.4179
-120	0.4973	1.0775	0.4342
-110	0.3479	1.2610	0.4463
-100	0.1767	1.3787	0.4472
-90	0.0000	1.4160	0.4324
-80	-0.1767	1.3787	0.4039
-70	-0.3479	1.2610	0.3625
-60	-0.4973	1.0775	0.3136
-50	-0.6152	0.8509	0.2626
-40	-0.7033	0.6088	0.2130
-30	-0.7829	0.3808	0.1626
-20	-0.9273	0.1948	0.0647
-18	-0.9079	0.1576	-0.0021
-17.75	-0.9349	0.1505	-0.0061
-17.5	-0.9618	0.1439	-0.0098
-17.25	-0.9862	0.1382	-0.0129
-17	-1.0078	0.1331	-0.0155
-16.75	-1.0279	0.1285	-0.0177
-16.5	-1.0462	0.1243	-0.0196
-16.25	-1.0622	0.1205	-0.0212
-16	-1.0772	0.1170	-0.0227
-15.75	-1.0927	0.1136	-0.0239
-15.5	-1.0963	0.1107	-0.0251
-15.25	-1.0966	0.1081	-0.0263
-15	-1.0846	0.1049	-0.0275
-14.75	-1.0723	0.1018	-0.0286
-14.5	-1.0609	0.0986	-0.0297
-14.25	-1.0498	0.0955	-0.0308
-14	-1.0371	0.0922	-0.0321
-13.75	-1.0263	0.0890	-0.0331
-13.5	-1.0080	0.0861	-0.0343
-13.25	-0.9996	0.0835	-0.0341
-13	-0.9706	0.0803	-0.0377
-12.75	-0.9419	0.0770	-0.0415
-12.5	-0.9139	0.0736	-0.0454
-12.25	-0.8806	0.0706	-0.0488
-12	-0.8520	0.0679	-0.0522
-11.75	-0.8220	0.0653	-0.0554
-11.5	-0.7940	0.0628	-0.0584
-11.25	-0.7683	0.0601	-0.0613
-11	-0.7437	0.0579	-0.0632
-10.75	-0.7234	0.0557	-0.0644
-10.5	-0.7068	0.0534	-0.0650
-10.25	-0.6896	0.0512	-0.0657
-10	-0.6761	0.0492	-0.0659
-9.75	-0.6626	0.0472	-0.0659
-9.5	-0.6484	0.0448	-0.0664
-9.25	-0.6356	0.0423	-0.0669
-9	-0.6326	0.0381	-0.0672
-8.75	-0.6344	0.0332	-0.0675
-8.5	-0.6377	0.0284	-0.0672
-8.25	-0.6429	0.0237	-0.0665
-8	-0.6398	0.0211	-0.0652
-7.75	-0.6302	0.0195	-0.0638
-7.5	-0.6130	0.0184	-0.0632
-7.25	-0.5930	0.0173	-0.0630
-7	-0.5650	0.0169	-0.0635
-6.75	-0.5352	0.0167	-0.0643
-6.5	-0.5053	0.0164	-0.0650
-6.25	-0.4726	0.0164	-0.0658
-6	-0.4420	0.0146	-0.0691
-5.75	-0.4093	0.0145	-0.0697
-5.5	-0.3782	0.0143	-0.0704
-5.25	-0.3454	0.0143	-0.0710
-5	-0.3140	0.0143	-0.0717
-4.75	-0.2843	0.0142	-0.0722
-4.5	-0.2519	0.0144	-0.0725
-4.25	-0.2224	0.0145	-0.0732
-4	-0.1925	0.0146	-0.0737
-3.75	-0.1634	0.0147	-0.0742
-3.5	-0.1342	0.0147	-0.0749
-3.25	-0.1037	0.0146	-0.0758
-3	-0.0731	0.0144	-0.0770
-2.75	-0.0426	0.0143	-0.0776
-2.5	-0.0123	0.0144	-0.0782
-2.25	0.0183	0.0143	-0.0789
-2	0.0493	0.0143	-0.0797
-1.75	0.0808	0.0142	-0.0806
-1.5	0.1115	0.0141	-0.0816
-1.25	0.1410	0.0140	-0.0824
-1	0.1709	0.0140	-0.0829
-0.75	0.2013	0.0141	-0.0835
-0.5	0.2324	0.0141	-0.0843
-0.25	0.2643	0.0140	-0.0851
0	0.2961	0.0140	-0.0860
0.25	0.3250	0.0140	-0.0867
0.5	0.3548	0.0141	-0.0876
0.75	0.3847	0.0141	-0.0881
1	0.4151	0.0142	-0.0887
1.25	0.4456	0.0142	-0.0894
1.5	0.4765	0.0143	-0.0902
1.75	0.5083	0.0144	-0.0910
2	0.5370	0.0146	-0.0916
2.25	0.5652	0.0147	-0.0921
2.5	0.5934	0.0148	-0.0924
2.75	0.6230	0.0149	-0.0928
3	0.6536	0.0150	-0.0934
3.25	0.6844	0.0151	-0.0941
3.5	0.7161	0.0152	-0.0950
3.75	0.7432	0.0155	-0.0951
4	0.7677	0.0158	-0.0949
4.25	0.7946	0.0160	-0.0949
4.5	0.8238	0.0162	-0.0954
4.75	0.8555	0.0162	-0.0962
5	0.8868	0.0163	-0.0968
5.25	0.9189	0.0164	-0.0974
5.5	0.9360	0.0170	-0.0962
5.75	0.9638	0.0171	-0.0964
6	0.9958	0.0170	-0.0968
6.25	1.0319	0.0168	-0.0978
6.5	1.0576	0.0170	-0.0976
6.75	1.0813	0.0172	-0.0970
7	1.1170	0.0168	-0.0978
7.25	1.1494	0.0167	-0.0982
7.5	1.1706	0.0169	-0.0971
7.75	1.1996	0.0169	-0.0969
8	1.2272	0.0172	-0.0967
8.25	1.2427	0.0176	-0.0944
8.5	1.2731	0.0176	-0.0942
8.75	1.2858	0.0180	-0.0916
9	1.3116	0.0181	-0.0907
9.25	1.3198	0.0186	-0.0872
9.5	1.3391	0.0188	-0.0853
9.75	1.3408	0.0195	-0.0811
10	1.3534	0.0201	-0.0785
10.25	1.3575	0.0210	-0.0749
10.5	1.3609	0.0221	-0.0715
10.75	1.3628	0.0234	-0.0682
11	1.3664	0.0247	-0.0654
11.25	1.3732	0.0267	-0.0640
11.5	1.3763	0.0291	-0.0622
11.75	1.3758	0.0320	-0.0606
12	1.3738	0.0351	-0.0589
12.25	1.3702	0.0387	-0.0576
12.5	1.3666	0.0423	-0.0563
12.75	1.3401	0.0484	-0.0554
13	1.3140	0.0545	-0.0545
13.25	1.2925	0.0600	-0.0539
13.75	1.2594	0.0706	-0.0534
14	1.2477	0.0758	-0.0534
14.25	1.2431	0.0811	-0.0538
14.5	1.2392	0.0862	-0.0543
14.75	1.2389	0.0916	-0.0550
15	1.2386	0.0970	-0.0558
15.25	1.2395	0.1027	-0.0568
15.5	1.2397	0.1084	-0.0578
15.75	1.2431	0.1141	-0.0591
16	1.2470	0.1197	-0.0603
16.25	1.2495	0.1247	-0.0614
16.5	1.2525	0.1296	-0.0625
16.75	1.2549	0.1348	-0.0638
17	1.2580	0.1398	-0.0650
17.25	1.2653	0.1443	-0.0662
17.5	1.2718	0.1490	-0.0675
17.75	1.2776	0.1535	-0.0688
18	1.2834	0.1580	-0.0700
18.25	1.2884	0.1627	-0.0715
18.5	1.2946	0.1672	-0.0730
18.75	1.3092	0.1708	-0.0741
19	1.3158	0.1757	-0.0759
19.25	1.3233	0.1803	-0.0776
20	1.3247	0.1948	-0.0880
30	1.1184	0.3808	-0.1908
40	1.0047	0.6088	-0.2464
50	0.8789	0.8509	-0.2924
60	0.7104	1.0775	-0.3348
70	0.4970	1.2610	-0.3736
80	0.2525	1.3787	-0.4070
90	0.0000	1.4160	-0.4324
100	-0.1767	1.3787	-0.4472
110	-0.3479	1.2610	-0.4463
120	-0.4973	1.0775	-0.4342
130	-0.6152	0.8509	-0.4179
140	-0.7033	0.6088	-0.4089
150	-0.7829	0.3808	-0.4284
160	-0.9273	0.1948	-0.5406
170	-0.4636	0.0732	-0.5000
180	0.0000	0.0310	0.0000
